46 68 77 80 99
2 46 57 68 80
2 46 54 68 80
2 46 68 80 99
20 68 77 80 99
46 68 69 77 80
31 46 77 80 92
46 54 68 77 80
46 54 77 80 92
68 77 79 80 99
2 31 46 68 80
15 46 68 77 80
27 46 54 77 80
31 46 68 77 80
2 27 46 54 80
2 46 68 69 80
46 57 68 80 92
46 54 57 80 92
46 68 77 80 92
2 15 46 68 80
2 6 46 54 80
31 77 79 80 92
2 31 46 54 80
31 46 54 80 92
54 68 77 79 80
68 77 80 83 99
47 68 77 80 99
11 54 68 77 80
46 57 68 80 90
31 46 54 80 90
68 69 77 79 80
16 68 77 80 99
46 54 57 80 90
46 54 68 80 90
54 77 79 80 92
57 68 79 80 92
2 68 80 84 99
2 20 68 80 99
68 77 80 98 99
2 68 77 80 99
31 68 77 79 80
27 46 77 80 99
15 68 77 79 80
2 57 68 80 99
20 68 69 77 80
2 57 68 79 80
11 57 68 80 92
15 27 46 77 80
46 54 77 80 90
2 68 72 80 99
11 15 68 77 80
46 54 68 80 92
27 54 77 79 80
6 46 77 80 99
3 68 77 80 99
2 15 31 46 80
2 12 46 68 80
31 46 67 77 80
68 77 80 92 99
2 46 54 80 92
2 15 46 57 80
6 11 54 77 80
46 54 67 77 80
68 77 80 86 99
15 46 77 80 92
46 57 67 68 80
68 77 79 80 92
31 46 72 80 92
57 68 79 80 90
2 46 54 57 80
46 54 57 67 80
6 46 54 77 80
46 54 80 92 99
2 54 57 80 98
2 11 57 68 80
2 46 66 68 80
2 35 46 54 80
2 46 68 77 80
57 67 68 79 80
31 46 54 67 80
2 47 54 68 80
11 54 77 80 92
16 46 68 77 80
2 27 46 57 80
11 68 77 80 92
11 46 68 77 80
31 46 77 80 90
11 27 54 77 80
2 15 57 80 98
2 46 68 72 80
54 57 79 80 92
46 54 80 90 99
2 6 57 80 99
11 46 54 80 92
46 57 68 77 80
31 46 80 84 92
2 46 68 80 84
2 47 68 80 99
46 68 77 80 90
6 15 46 77 80
68 73 77 80 99
31 67 77 79 80
57 68 77 79 80
6 54 77 79 80
0 68 77 80 99
46 57 68 73 80
11 31 77 80 92
11 31 68 77 80
46 54 72 80 92
11 68 77 80 99
11 57 67 68 80
6 46 54 80 90
40 46 68 77 99
6 11 57 80 92
46 67 68 77 80
2 6 15 46 80
2 20 57 68 80
2 46 54 67 80
11 57 68 80 90
27 46 54 80 90
38 46 54 80 92
46 54 68 80 81
2 6 80 84 99
2 20 68 69 80
46 54 80 84 92
11 35 54 77 80
46 68 80 84 99
6 11 15 77 80
54 57 80 92 98
47 68 69 77 80
20 40 68 77 99
27 46 69 77 80
56 68 77 80 99
54 68 77 80 99
2 6 54 57 80
6 46 54 80 92
2 68 69 80 84
6 77 80 92 99
15 31 46 77 80
44 46 68 80 92
2 6 46 57 80
6 54 77 80 99
2 6 72 80 99
46 68 72 80 99
16 31 46 80 92
0 2 57 68 80
54 67 77 79 80
0 2 68 80 99
2 57 68 69 80
20 27 77 80 99
46 68 80 90 99
35 54 77 80 99
11 16 68 77 80
11 57 68 77 80
6 46 57 80 92
6 11 54 57 80
31 77 80 92 98
46 57 68 80 81
6 57 79 80 92
2 46 54 80 99
2 15 27 46 80
2 57 68 80 98
15 27 77 79 80
45 46 68 80 99
46 54 67 68 80
2 68 80 83 99
2 6 31 46 80
46 68 80 92 99
46 49 68 77 80
3 40 68 77 99
31 47 77 80 92
27 46 54 80 92
6 15 77 79 80
54 57 67 79 80
31 79 80 84 92
11 54 57 80 92
6 16 77 80 99
54 57 79 80 90
2 46 54 80 90
46 54 69 80 92
31 46 54 77 80
27 77 80 83 99
54 57 80 90 98
47 54 68 77 80
2 31 46 80 92
6 20 77 80 99
46 66 68 80 92
35 46 54 77 80
31 46 66 80 92
16 27 46 77 80
27 46 77 80 92
12 46 54 80 92
11 46 54 80 90
6 77 79 80 99
27 77 80 98 99
2 31 54 80 98
2 20 54 68 80
46 68 70 77 80
46 68 73 77 80
44 46 68 80 90
54 77 79 80 90
46 54 72 80 90
27 77 79 80 99
2 68 69 72 80
2 68 69 77 80
35 54 77 79 80
12 46 54 80 90
11 66 68 80 92
35 46 77 80 99
46 54 67 80 99
46 54 69 80 90
11 15 35 77 80
15 46 57 80 92
15 77 79 80 92
15 46 57 80 90
15 35 46 77 80
2 54 57 68 80
11 54 57 68 80
66 68 79 80 92
31 45 46 80 92
67 68 77 80 99
31 46 72 80 90
11 46 57 68 80
2 31 35 46 80
46 66 68 80 90
46 54 68 73 80
2 35 54 57 80
44 46 68 77 80
15 46 77 80 90
2 54 80 98 99
2 68 80 98 99
27 46 57 80 92
46 54 73 80 92
31 35 77 79 80
1 68 77 80 99
11 35 54 57 80
68 69 77 80 83
31 72 79 80 92
46 54 57 68 80
2 27 47 54 80
46 68 69 80 90
2 33 68 80 99
31 35 46 77 80
68 77 80 90 99
2 46 54 75 80
68 69 77 80 92
16 46 57 80 92
67 68 77 79 80
46 68 69 80 92
46 77 80 92 99
16 35 77 80 99
6 31 46 77 80
31 44 46 80 92
11 20 68 77 80
31 77 79 80 90
46 54 80 84 90
2 6 77 80 99
46 57 68 80 99
27 47 54 77 80
2 6 46 80 99
47 54 77 80 92
2 6 15 57 80
15 47 68 77 80
54 77 80 98 99
11 46 54 68 80
11 46 54 67 80
15 35 77 79 80
20 49 68 77 80
3 11 68 77 80
31 46 68 80 90
54 79 80 84 92
11 54 67 77 80
11 16 57 68 80
2 57 68 80 83
38 46 54 80 90
68 69 73 77 80
16 46 68 80 92
2 6 47 54 80
46 65 68 77 80
6 31 77 79 80
11 15 27 77 80
0 2 54 68 80
2 46 54 80 83
2 47 68 69 80
11 67 68 77 80
11 54 57 67 80
77 80 92 98 99
46 68 80 84 92
31 66 79 80 92
15 31 46 80 90
68 77 80 91 99
11 54 68 80 84
2 35 57 80 99
35 46 54 80 90
2 47 66 68 80
20 31 77 80 92
31 46 67 72 80
31 46 68 80 92
6 46 57 80 90
2 46 65 68 80
16 68 80 84 99
68 79 80 84 99
45 46 68 80 92
16 46 68 80 90
11 66 68 77 80
2 12 46 54 80
2 15 46 77 80
2 44 46 68 80
16 31 46 80 90
38 46 57 68 80
11 68 69 77 80
9 46 54 80 92
2 15 35 46 80
27 57 79 80 92
16 68 77 79 80
9 46 68 77 80
40 46 68 69 77
0 2 68 69 80
54 57 68 79 80
66 68 79 80 90
11 54 80 84 92
46 68 72 80 92
11 66 67 68 80
20 57 68 80 92
27 46 54 57 80
35 46 54 80 92
54 77 80 92 98
11 68 80 84 92
27 47 77 80 99
68 77 79 80 90
38 46 54 68 80
2 54 80 83 99
6 11 54 80 84
35 77 80 92 99
31 46 80 84 90
6 11 15 57 80
15 46 67 77 80
2 16 46 68 80
24 46 68 77 80
11 66 68 80 90
11 31 35 77 80
2 27 46 80 99
46 54 76 80 92
27 31 46 77 80
6 11 57 80 90
11 54 57 80 90
2 15 47 68 80
68 69 77 80 98
20 35 77 80 99
6 11 66 80 92
1 2 68 80 99
2 12 15 46 80
46 68 77 80 86
2 31 47 54 80
2 35 80 84 99
27 46 54 80 81
66 68 77 79 80
27 46 57 80 90
11 31 67 77 80
57 68 77 80 99
6 11 57 67 80
2 15 35 57 80
66 67 68 79 80
6 54 57 79 80
46 68 76 77 80
31 38 46 80 92
2 31 46 67 80
11 44 68 77 80
46 54 62 80 92
0 68 69 77 80
2 46 54 69 80
16 46 57 68 80
2 6 57 69 80
16 68 69 77 80
38 46 54 67 80
2 46 49 68 80
11 20 54 80 92
68 80 84 92 99
44 68 77 79 80
46 54 67 72 80
16 27 77 80 99
6 11 31 77 80
11 31 80 84 92
2 46 54 77 80
46 54 65 80 92
27 46 54 67 80
46 68 69 80 84
2 35 72 80 99
44 46 67 68 80
27 69 77 79 80
47 68 77 80 92
6 57 79 80 90
6 47 77 80 99
2 15 57 68 80
31 40 46 77 92
20 45 68 80 99
11 57 68 80 83
20 54 68 77 80
15 31 46 80 92
54 72 79 80 92
46 54 76 80 90
20 68 80 84 99
2 54 57 80 83
44 46 68 80 99
2 15 46 72 80
9 46 54 80 90
6 46 69 77 80
6 77 80 86 99
12 46 68 77 80
46 54 73 80 90
11 68 77 80 90
46 75 77 80 99
2 20 66 68 80
46 68 69 72 80
11 54 77 80 90
31 46 66 80 90
12 46 54 67 80
11 20 57 68 80
2 49 57 68 80
2 47 57 68 80
31 67 79 80 84
20 57 68 80 90
2 46 62 68 80
20 68 72 80 99
16 49 68 77 80
6 77 80 83 99
6 57 67 79 80
11 68 77 80 83
15 31 77 79 80
31 46 67 80 84
1 2 57 68 80
27 54 57 79 80
11 35 54 80 84
11 31 46 80 92
11 68 77 80 86
2 6 11 57 80
11 15 77 80 92
68 80 83 84 99
11 15 35 57 80
2 12 54 80 98
3 6 77 80 99
46 54 65 80 90
6 46 54 67 80
31 77 80 98 99
12 46 68 80 90
11 27 54 57 80
46 56 68 77 80
12 46 68 80 92
11 35 57 80 92
2 20 54 80 99
20 27 69 77 80
31 46 80 88 92
2 31 72 80 98
31 72 80 92 98
46 54 67 80 84
46 67 68 80 99
15 46 57 68 80
46 54 67 69 80
31 35 77 80 99
6 80 84 92 99
31 80 84 92 98
27 77 79 80 92
6 46 54 80 81
2 46 54 72 80
46 54 67 73 80
68 79 80 84 92
11 15 57 68 80
16 46 68 80 99
46 54 68 80 84
46 54 80 88 92
68 72 80 83 99
27 38 46 54 80
11 27 46 54 80
2 46 68 80 88
0 2 31 68 80
46 68 72 80 90
7 77 80 92 99
27 46 54 72 80
11 45 57 68 80
68 72 79 80 99
46 68 80 84 90
35 77 79 80 99
15 46 68 80 90
15 68 77 80 99
2 15 31 80 98
46 54 68 80 99
45 46 68 80 90
2 11 68 80 84
2 15 46 80 84
11 57 66 68 80
31 67 72 79 80
20 54 77 80 92
46 60 68 77 80
2 49 68 80 84
2 66 68 80 99
16 31 46 67 80
27 46 54 80 84
54 80 92 98 99
31 66 67 79 80
16 57 68 80 92
54 68 79 80 84
6 73 77 80 99
68 69 79 80 84
2 46 68 76 80
16 68 72 80 99
46 66 67 68 80
6 15 77 80 99
33 46 54 80 92
15 20 68 77 80
46 54 68 72 80
40 68 77 78 99
16 57 80 92 98
44 68 77 80 99
6 46 77 80 92
15 35 77 80 99
68 73 80 84 99
54 57 67 80 98
6 16 80 84 99
2 20 31 54 80
15 57 79 80 92
2 20 27 54 80
54 80 90 98 99
31 47 68 77 80
0 11 68 77 80
3 46 68 77 80
35 54 57 79 80
20 27 40 77 99
27 57 67 79 80
20 40 68 69 77
31 46 73 80 92
2 27 57 80 98
31 66 80 92 98
46 54 62 80 90
15 77 80 98 99
2 54 68 79 80
15 46 57 67 80
6 16 57 80 92
11 16 27 77 80
31 54 77 79 80
2 6 12 46 80
31 77 80 83 99
11 16 68 80 84
2 33 54 68 80
6 77 80 90 99
54 79 80 84 90
11 27 57 80 92
15 57 68 79 80
49 68 77 79 80
49 68 77 80 92
54 67 79 80 84
2 6 69 80 84
2 46 54 80 84
15 27 47 77 80
68 80 84 90 99
2 31 46 72 80
2 46 54 76 80
46 54 75 80 90
2 31 80 84 98
45 57 68 79 80
11 66 68 80 83
31 46 66 67 80
27 40 46 77 99
3 11 57 68 80
31 68 77 80 99
35 57 79 80 92
6 54 57 73 80
65 68 77 79 80
27 46 54 73 80
9 68 77 80 99
2 27 46 72 80
31 46 56 80 92
11 54 72 80 92
6 46 54 57 80
6 11 54 72 80
16 35 80 84 99
15 67 77 79 80
0 2 6 54 80
2 27 46 66 80
11 37 57 68 80
2 49 68 77 80
2 6 57 79 80
68 69 77 80 86
3 6 40 77 99
2 15 57 80 83
68 72 80 92 99
46 54 75 77 80
38 46 68 77 80
12 68 77 79 80
27 57 79 80 90
2 28 68 80 99
6 67 77 80 99
6 66 79 80 92
27 46 57 67 80
2 66 68 79 80
11 54 68 72 80
35 77 80 86 99
20 27 54 77 80
6 46 57 67 80
11 27 54 80 84
6 54 57 80 92
47 66 68 80 92
11 33 54 68 80
46 54 77 80 99
15 46 75 77 80
6 56 77 80 99
15 77 79 80 90
46 66 68 80 99
11 31 66 80 92
20 54 57 80 92
24 68 77 79 80
68 80 84 98 99
31 44 46 80 90
20 77 80 92 99
2 15 46 80 99
31 79 80 84 90
20 57 68 80 99
3 68 69 77 80
1 11 57 68 80
47 68 72 80 99
11 44 57 68 80
6 72 80 92 99
6 57 80 92 99
27 44 46 77 80
2 31 40 46 72
2 27 46 69 80
2 46 68 70 80
54 68 69 77 80
2 27 57 79 80
2 40 68 72 99
11 54 80 92 98
57 68 73 80 92
15 57 79 80 90
15 46 77 80 99
49 68 77 80 83
31 47 72 80 92
35 46 57 80 92
6 15 57 79 80
11 15 77 80 98
6 54 57 80 90
11 20 66 68 80
2 33 46 68 80
2 49 68 72 80
2 68 69 80 83
11 54 67 80 84
0 57 68 80 92
2 68 79 80 84
16 57 68 79 80
31 46 50 80 92
2 31 46 77 80
16 57 68 80 90
35 54 57 73 80
2 7 54 57 80
27 46 67 77 80
2 12 15 80 98
6 69 77 80 92
2 54 72 80 98
49 54 68 77 80
27 44 46 80 92
2 6 20 54 80
27 54 79 80 84
27 46 57 77 80
2 68 80 88 99
2 15 46 75 80
11 31 72 80 92
2 54 80 84 98
47 68 80 84 99
2 31 46 80 83
2 31 66 80 98
27 54 77 80 98
2 35 47 54 80
27 31 77 79 80
11 27 46 77 80
2 7 15 57 80
2 57 66 68 80
2 46 68 80 92
6 11 46 54 80
2 27 31 46 80
46 54 75 80 92
2 46 54 65 80
2 6 69 72 80
16 27 77 79 80
46 66 68 77 80
11 57 68 72 80
31 45 46 80 90
46 54 80 88 90
2 15 20 68 80
6 47 54 77 80
20 54 80 92 99
45 68 77 80 99
16 27 46 57 80
6 46 54 73 80
6 16 72 80 99
2 11 68 77 80
54 80 84 92 98
31 40 46 72 92
31 72 79 80 90
11 15 68 80 84
2 68 77 79 80
54 72 79 80 90
27 57 77 79 80
46 67 68 69 80
2 33 46 54 80
46 47 54 80 92
3 35 77 80 99
31 54 79 80 92
47 54 68 80 90
31 45 46 67 80
2 6 66 80 99
2 27 46 80 84
31 54 79 80 90
2 40 68 84 99
46 68 80 81 99
31 46 80 92 99
6 11 77 80 92
11 20 54 80 90
2 31 80 98 99
1 11 54 80 92
0 11 54 80 92
2 20 49 68 80
11 67 68 80 84
2 46 54 55 80
11 35 54 72 80
2 11 66 68 80
11 47 68 77 80
2 33 68 69 80
20 68 77 80 92
31 54 80 90 98
2 31 46 80 90
15 46 68 80 81
9 46 54 67 80
2 46 50 68 80
9 54 68 77 80
11 68 80 84 90
2 35 77 80 99
2 6 80 88 99
54 67 72 79 80
31 46 50 80 90
6 31 77 80 99
11 44 68 80 84
31 44 46 67 80
31 66 79 80 90
2 46 47 54 80
2 15 80 84 98
2 27 46 77 80
46 69 77 80 92
1 11 54 68 80
16 57 68 80 99
16 46 67 68 80
27 46 77 80 90
11 54 77 80 98
46 68 80 88 99
57 68 72 79 80
68 70 77 79 80
27 54 77 80 99
57 68 80 92 99
68 72 80 98 99
2 15 31 47 80
27 77 80 86 99
2 15 57 79 80
2 31 47 68 80
6 69 77 79 80
16 35 72 80 99
2 11 46 68 80
27 46 77 80 86
2 31 54 80 83
2 15 72 80 98
68 80 84 86 99
54 77 80 92 99
68 69 77 80 90
40 46 54 77 92
15 31 77 80 98
35 46 54 80 81
6 11 15 80 84
15 46 72 80 92
47 66 68 80 90
6 11 77 80 99
11 54 80 84 90
2 15 20 57 80
46 50 68 77 80
31 54 77 80 98
57 68 79 80 99
20 31 68 77 80
11 57 68 80 86
15 57 73 80 98
68 69 80 84 92
56 68 80 84 99
68 72 80 90 99
47 49 68 77 80
40 68 77 79 99
0 57 68 80 90
2 31 80 83 99
11 28 54 68 80
2 15 46 80 92
45 46 68 69 80
31 54 80 92 98
20 68 80 92 99
11 15 46 77 80
31 46 80 86 92
6 11 16 57 80
2 31 66 80 83
2 66 68 80 83
31 46 57 80 92
2 6 54 80 99
2 3 57 68 80
11 31 77 80 83
68 69 72 79 80
2 20 54 57 80
77 80 83 92 99
15 46 80 84 92
27 69 77 80 83
20 66 68 80 92
6 11 66 80 90
11 16 27 57 80
3 68 77 79 80
0 11 57 68 80
11 54 75 77 80
31 46 68 80 81
11 68 72 80 92
44 46 68 80 81
3 46 54 80 92
20 68 80 90 99
54 57 73 80 98
35 54 57 80 92
66 68 77 80 99
11 20 54 68 80
46 57 68 69 80
80 84 92 98 99
72 80 92 98 99
49 68 77 80 86
22 68 77 80 99
46 47 54 80 90
2 15 46 80 83
15 57 67 79 80
31 77 80 90 98
24 46 54 80 92
11 12 68 77 80
31 68 79 80 84
6 11 66 67 80
45 46 67 68 80
2 6 20 80 99
20 66 68 80 99
31 46 67 68 80
2 6 40 72 99
57 66 68 79 80
6 31 46 80 92
45 47 68 80 99
11 31 67 80 84
2 31 46 80 84
67 68 69 77 80
15 57 80 90 98
54 72 80 92 98
15 35 57 79 80
16 35 57 80 92
15 46 73 77 80
0 2 15 68 80
0 54 68 77 80
44 46 57 68 80
11 56 68 77 80
3 49 68 77 80
27 46 66 80 92
27 66 79 80 92
75 77 80 92 99
2 68 69 80 98
54 68 73 77 80
2 38 57 68 80
11 44 46 68 80
2 12 27 46 80
6 57 77 80 99
68 76 77 79 80
54 68 72 79 80
24 68 77 80 99
68 69 73 80 84
11 46 66 68 80
6 15 47 77 80
6 54 79 80 84
24 46 54 80 90
31 47 54 80 92
46 54 60 80 92
15 46 72 80 90
2 54 57 79 80
6 20 40 77 99
2 15 46 69 80
12 16 46 80 92
33 46 54 80 90
44 57 68 79 80
2 6 33 54 80
2 46 60 68 80
6 80 84 90 99
15 46 68 73 80
46 66 68 80 81
11 15 35 80 84
11 15 57 80 92
2 54 68 80 98
46 54 67 76 80
2 6 46 69 80
54 68 79 80 90
31 47 54 80 90
20 54 57 80 90
16 27 46 80 92
2 54 69 80 98
31 46 68 73 80
35 54 57 80 90
6 57 73 80 92
31 47 80 84 92
45 68 80 83 99
11 27 77 80 92
57 68 80 90 99
27 69 77 80 98
2 31 46 50 80
46 57 75 80 92
47 54 77 80 90
46 67 68 80 84
3 68 77 97 99
47 54 72 80 92
16 46 57 67 80
46 68 73 80 99
54 77 80 83 99
31 47 66 80 92
68 72 73 80 99
1 2 54 68 80
11 31 77 80 90
2 11 68 72 80
11 31 66 67 80
37 57 68 79 80
68 77 80 82 99
31 46 68 72 80
46 54 80 81 92
27 40 46 54 77
3 46 54 80 90
35 80 84 92 99
31 45 79 80 92
20 75 77 80 99
27 47 69 77 80
47 54 68 80 92
15 57 80 92 98
2 6 12 80 99
31 54 67 79 80
6 40 46 77 99
6 11 33 54 80
31 40 46 68 77
67 68 80 84 99
38 57 68 80 92
31 35 46 80 92
2 57 68 80 92
31 66 80 90 98
15 46 68 80 84
31 46 68 80 84
6 16 57 80 99
2 15 33 46 80
11 31 68 80 84
2 15 46 76 80
57 68 73 80 99
6 46 66 80 92
46 67 68 72 80
6 54 69 77 80
31 72 80 90 98
35 54 80 84 99
15 46 68 80 92
11 27 57 67 80
11 54 80 90 98
2 16 57 68 80
20 31 66 80 92
11 27 57 80 83
2 20 31 68 80
27 46 57 73 80
20 54 80 90 99
15 31 46 67 80
77 79 80 92 99
6 57 80 90 99
68 79 80 84 90
2 27 54 80 98
35 77 80 83 99
46 54 55 80 90
2 57 68 72 80
68 72 79 80 92
7 54 57 80 92
35 46 54 67 80
2 20 35 54 80
54 57 68 73 80
6 38 46 54 80
6 16 57 80 90
6 77 79 80 92
2 46 54 62 80
68 76 77 80 99
56 68 69 77 80
16 46 57 80 90
6 11 57 66 80
2 31 46 75 80
27 44 46 80 90
46 54 62 67 80
2 35 54 80 99
46 54 65 67 80
68 77 79 80 86
16 46 77 80 92
11 31 35 80 84
15 27 46 57 80
27 46 72 80 99
11 56 57 68 80
2 6 40 84 99
7 68 77 80 99
14 23 32 53 93
8 10 32 89 93
25 26 32 53 93
14 26 32 53 93
10 14 32 53 93
19 26 58 59 62
25 26 28 32 93
14 25 32 53 93
8 25 32 89 93
14 32 52 53 93
25 26 32 33 93
8 32 53 89 93
25 26 32 89 93
23 32 53 81 93
19 26 32 58 93
14 32 53 79 93
10 25 26 32 93
10 23 32 53 93
25 26 32 59 93
14 32 53 89 93
26 32 58 62 93
14 32 39 53 93
23 32 52 81 93
23 26 32 53 93
21 23 32 53 93
23 32 52 53 93
32 39 51 53 93
14 23 32 52 53
25 26 32 58 93
32 52 53 81 93
10 14 23 32 53
25 26 28 33 93
10 25 32 89 93
19 26 32 59 93
16 39 56 86 94
12 19 26 58 62
19 26 32 58 62
23 25 32 53 93
26 32 53 58 93
14 23 32 53 81
14 32 53 81 93
25 32 53 89 93
10 32 53 89 93
8 26 32 89 93
19 26 58 62 93
26 28 32 33 93
10 26 32 53 93
10 22 26 32 93
25 28 32 33 93
25 28 32 53 93
10 22 32 53 93
14 21 32 53 93
23 32 52 53 81
19 26 32 58 59
10 16 56 86 94
8 32 39 89 93
10 14 22 32 53
26 32 58 59 93
25 26 32 39 93
26 32 53 59 93
8 10 25 32 93
19 26 57 58 62
8 10 32 53 93
19 32 58 59 93
8 10 25 89 93
23 32 39 53 93
10 25 32 53 93
21 25 26 32 93
8 32 59 89 93
14 32 53 59 93
32 39 42 51 93
14 32 42 53 93
19 26 58 59 93
8 25 26 32 93
25 32 53 59 93
10 32 39 51 93
14 23 26 32 53
10 22 32 73 93
8 25 26 89 93
21 23 32 81 93
26 32 39 51 93
14 21 23 32 53
23 25 26 32 93
10 26 32 59 93
8 10 26 32 93
8 14 32 53 93
8 10 32 53 89
23 32 53 89 93
10 26 32 89 93
32 39 51 93 94
21 25 32 53 93
19 25 26 58 62
10 22 23 32 93
14 32 52 53 81
10 32 39 93 94
19 26 32 62 93
19 32 58 62 93
3 8 32 89 93
32 56 86 93 94
8 10 25 26 89
8 32 89 93 94
10 19 26 58 62
8 14 32 53 89
10 23 26 32 93
19 26 58 62 65
32 39 51 89 93
21 26 32 53 93
10 19 26 58 59
19 25 26 58 59
19 25 26 32 93
10 32 39 53 93
14 22 32 53 93
8 23 32 89 93
25 28 32 89 93
14 23 32 81 93
26 32 39 53 93
10 26 32 93 94
14 32 53 93 94
10 32 39 89 93
13 32 39 51 93
10 26 32 58 93
25 32 39 51 93
10 25 28 32 93
14 32 39 51 53
10 22 25 32 93
8 10 32 59 93
10 14 23 32 93
10 22 32 89 93
14 25 26 32 53
14 23 32 52 93
10 32 53 59 93
10 14 23 53 93
25 26 28 32 33
16 44 56 86 94
14 23 32 53 79
10 25 32 59 93
21 26 32 59 93
23 32 53 59 93
10 25 26 89 93
26 32 53 89 93
10 32 89 93 94
8 10 25 32 89
8 10 22 32 93
21 23 26 32 93
8 10 26 89 93
14 23 53 81 93
19 25 26 58 93
8 10 14 32 53
32 39 51 59 93
32 39 53 93 94
10 26 32 39 93
32 39 56 93 94
14 23 26 32 93
8 10 32 39 93
26 32 39 59 93
16 32 56 86 94
10 23 32 81 93
26 32 33 53 93
14 23 26 53 93
25 32 39 89 93
21 32 52 81 93
10 32 53 93 94
14 23 52 53 81
10 22 32 39 93
21 32 53 59 93
8 10 32 93 94
8 10 23 32 93
8 25 26 32 89
26 28 32 53 93
14 25 26 32 93
23 32 53 93 94
10 39 56 86 94
25 26 58 62 93
14 23 52 53 93
25 32 39 53 93
14 25 26 53 93
10 23 32 89 93
25 32 59 89 93
21 23 32 59 93
23 32 39 51 93
32 39 53 89 93
21 23 25 32 93
32 39 42 53 93
26 32 52 53 93
19 26 32 53 93
8 25 32 53 93
19 26 32 53 58
32 39 56 86 94
10 14 26 32 53
14 23 25 32 93
10 32 39 59 93
26 32 39 58 93
32 39 51 85 93
21 32 53 81 93
8 10 39 89 93
26 32 58 65 93
14 23 32 39 53
25 26 32 93 94
19 32 58 59 62
14 23 25 32 53
12 19 57 58 62
12 19 58 59 62
23 52 53 81 93
14 23 25 53 93
10 23 25 32 93
23 32 42 53 93
32 39 42 51 85
21 25 32 59 93
12 26 57 58 62
8 10 25 26 93
32 42 51 85 93
8 23 32 53 93
32 39 42 51 53
10 14 32 53 89
14 21 23 32 93
14 21 23 53 93
10 25 32 39 93
10 25 32 93 94
25 26 32 42 93
25 26 32 62 93
10 32 56 93 94
14 23 32 42 53
10 21 23 32 93
8 10 53 89 93
25 32 89 93 94
14 32 51 53 93
23 26 32 81 93
25 28 32 59 93
8 10 32 39 89
32 39 56 86 93
8 10 26 32 89
19 25 26 59 93
8 10 32 89 94
26 32 39 93 94
10 32 59 89 93
19 26 53 58 62
19 26 32 59 62
13 39 42 51 85
22 23 32 53 93
10 21 32 59 93
8 10 59 89 93
32 39 89 93 94
10 22 23 32 53
14 23 32 52 81
21 23 32 53 81
10 22 32 93 94
8 25 32 59 93
32 42 51 53 93
25 28 32 39 93
10 32 52 53 93
14 28 32 53 93
8 10 32 59 89
14 23 32 53 94
10 25 26 28 93
8 14 32 89 93
14 32 52 81 93
26 32 53 58 62
32 39 86 93 94
19 25 32 59 93
14 26 32 53 58
8 10 22 32 89
8 26 32 59 93
39 51 56 86 94
25 32 39 59 93
25 32 33 53 93
19 32 53 58 93
14 23 32 53 59
14 22 23 32 53
26 32 58 59 62
8 32 39 51 93
32 39 42 85 93
26 32 52 81 93
8 10 22 89 93
10 14 32 53 94
32 39 53 59 93
10 16 39 56 86
10 14 32 52 53
23 26 32 58 93
10 14 22 53 73
19 26 33 58 62
10 32 52 81 93
23 25 28 32 93
10 22 32 53 73
19 25 26 32 58
19 32 53 59 93
10 25 26 32 89
10 22 32 52 93
10 14 32 53 59
8 10 89 93 94
10 22 32 59 93
26 32 59 89 93
8 25 59 89 93
19 25 32 58 93
10 23 32 39 93
25 32 42 53 93
23 25 32 89 93
8 14 53 89 93
22 25 26 32 93
21 32 52 53 93
26 32 58 89 93
25 26 58 59 93
19 26 59 62 93
32 53 59 89 93
19 26 53 58 59
10 23 32 59 93
14 32 52 53 79
25 26 28 89 93
12 19 26 57 62
39 42 51 85 93
10 14 32 53 79
25 26 32 53 59
10 32 56 86 94
10 25 26 59 93
21 26 32 81 93
32 53 89 93 94
21 25 28 32 93
8 25 28 89 93
10 19 58 59 62
10 22 25 26 93
14 52 53 81 93
14 26 32 53 59
21 32 39 51 93
23 28 32 53 93
25 26 32 33 53
14 23 32 53 89
8 32 53 59 93
25 32 52 53 93
21 32 39 53 93
8 25 32 53 89
10 22 32 81 93
10 21 26 32 93
25 26 28 53 93
21 26 32 58 93
8 25 26 59 89
19 26 32 53 59
39 56 86 93 94
10 21 32 53 93
19 58 59 62 93
23 26 32 52 93
14 23 32 39 93
10 14 32 39 53
23 26 32 59 93
10 14 22 32 93
8 39 51 89 93
20 25 32 89 93
25 26 32 58 62
21 23 32 52 93
16 39 51 56 86
8 26 32 53 93
19 32 53 58 59
26 32 42 53 93
32 42 53 85 93
32 53 56 86 94
10 23 32 52 93
21 23 32 52 81
26 32 53 93 94
19 26 32 39 93
14 23 32 89 93
26 58 59 62 93
14 32 53 58 93
8 25 28 32 93
25 26 28 59 93
10 14 22 53 93
10 14 22 23 53
10 25 26 32 53
8 10 25 26 32
26 32 39 89 93
10 23 32 93 94
25 26 32 53 89
8 32 39 51 89
19 26 39 58 62
10 21 25 32 93
8 10 39 51 89
23 25 32 81 93
26 32 59 62 93
12 19 26 58 59
16 32 56 86 93
8 19 26 58 59
32 52 53 89 93
19 25 26 32 59
19 26 58 59 65
25 26 53 59 93
8 32 42 89 93
25 26 32 52 93
21 23 32 53 59
22 26 32 53 93
25 26 28 32 53
21 23 32 39 93
14 23 53 79 93
10 23 26 32 53
32 53 56 93 94
14 23 39 53 93
23 25 26 32 53
23 25 26 53 93
25 26 33 53 93
25 32 39 93 94
10 32 59 93 94
12 19 26 59 62
19 21 26 32 93
19 32 59 62 93
3 8 10 89 93
10 32 53 81 93
16 32 39 56 86
21 25 32 89 93
10 25 26 28 33
26 32 53 62 93
10 22 26 32 53
23 32 53 79 93
25 26 39 51 93
25 26 32 51 93
19 58 59 62 65
10 26 28 32 93
16 56 86 93 94
14 23 32 79 93
8 25 53 89 93
25 32 58 62 93
12 19 26 57 58
10 19 26 32 93
19 25 26 59 62
8 21 32 89 93
14 26 32 53 79
25 26 33 58 62
10 32 42 53 93
14 22 32 53 73
26 32 53 58 59
23 32 51 53 93
11 14 32 52 53
25 26 59 89 93
14 32 39 51 93
32 39 52 53 93
10 19 26 59 62
10 14 25 32 53
3 8 10 32 89
21 23 26 32 53
23 32 39 81 93
10 14 32 89 93
21 26 32 39 93
8 10 25 59 89
19 57 58 59 62
25 26 58 59 62
25 32 52 81 93
14 23 53 89 93
10 25 26 53 93
8 14 23 32 53
39 42 51 85 94
25 26 32 81 93
8 26 59 89 93
22 32 53 73 93
16 32 86 93 94
8 25 39 89 93
16 32 56 93 94
17 42 51 71 85
26 32 53 81 93
10 19 32 59 93
19 21 32 59 93
10 26 58 59 62
14 25 32 53 89
8 32 51 89 93
10 25 26 33 93
8 10 26 59 89
8 32 53 59 89
10 32 56 86 93
10 16 39 56 94
22 23 26 32 93
25 26 53 89 93
8 10 56 86 94
25 26 58 89 93
8 10 39 89 94
10 25 26 32 59
8 25 32 59 89
23 32 81 89 93
25 26 32 58 59
10 14 26 32 93
19 26 53 58 93
32 58 59 62 93
16 32 39 56 94
21 32 52 53 81
10 14 26 53 93
21 25 26 32 53
10 32 39 51 94
23 32 39 93 94
10 14 53 89 93
25 32 53 81 93
10 19 26 32 58
10 26 32 33 93
26 33 57 58 62
25 32 53 93 94
23 32 39 51 53
25 26 28 58 93
8 10 14 53 89
32 42 51 53 85
17 39 42 51 85
8 22 32 89 93
19 25 26 62 93
8 10 23 89 93
25 32 58 59 93
14 26 32 52 53
14 39 51 53 93
23 26 32 39 93
25 26 32 53 58
8 32 39 93 94
29 39 42 51 85
14 21 26 32 53
21 32 39 59 93
21 32 59 81 93
14 25 32 89 93
32 39 59 89 93
10 26 32 53 59
26 32 51 59 93
16 32 39 86 94
10 32 39 56 94
14 32 39 53 94
8 10 23 32 89
25 26 33 89 93
10 16 39 86 94
10 32 39 51 53
8 23 32 53 89
19 26 39 58 93
26 32 58 93 94
21 23 32 52 53
21 25 32 81 93
21 25 32 39 93
26 28 32 59 93
10 22 25 26 32
21 23 53 81 93
26 32 33 58 93
10 14 32 42 53
21 25 26 59 93
32 53 58 59 93
14 32 39 42 53
10 22 56 86 94
25 26 39 89 93
8 10 23 32 53
10 14 25 32 93
19 26 57 59 62
8 10 14 32 93
10 56 86 89 94
10 32 39 56 93
21 26 32 52 93
10 19 26 32 59
10 14 25 53 93
25 26 28 39 93
14 32 42 53 85
16 39 56 86 93
19 32 53 58 62
19 25 58 59 62
26 32 58 62 65
13 17 42 51 85
10 19 26 58 93
26 32 89 93 94
8 32 52 89 93
32 42 53 89 93
25 32 53 58 93
32 39 51 53 94
8 10 32 53 59
26 28 32 58 93
8 25 26 59 93
19 21 32 58 93
8 10 25 26 59
21 32 42 53 93
10 32 86 93 94
25 26 57 58 62
32 53 58 62 93
22 26 32 73 93
12 26 58 59 62
8 56 86 89 94
10 22 23 32 73
25 32 33 89 93
21 25 26 53 93
19 21 26 58 62
22 23 32 73 93
3 8 10 32 93
19 26 32 39 58
16 56 86 89 94
16 32 39 86 93
26 58 62 65 93
21 32 53 89 93
8 25 32 39 93
23 25 32 59 93
14 21 32 53 59
32 56 89 93 94
16 39 51 86 94
10 19 32 58 59
19 25 58 59 93
28 32 33 53 93
25 26 33 59 93
8 32 39 53 93
10 23 32 52 53
19 21 26 58 59
8 10 14 53 93
10 23 32 53 81
19 26 39 58 59
10 25 32 33 93
8 26 32 59 89
10 22 23 53 93
8 10 56 86 89
10 25 26 58 93
14 32 42 51 53
10 19 32 58 93
19 32 39 58 93
8 26 32 53 89
17 42 71 85 95
39 42 51 53 93
23 32 53 58 93
10 25 26 39 93
10 22 32 52 53
14 21 32 53 81
8 10 19 58 59
4 32 39 93 94
22 23 32 81 93
10 21 23 32 53
8 25 32 93 94
14 32 53 56 94
14 32 39 53 79
26 32 33 59 93
19 32 39 59 93
8 25 89 93 94
32 39 52 81 93
8 10 56 89 94
16 39 51 56 94
8 32 61 89 93
14 25 53 89 93
10 25 26 28 32
25 26 39 59 93
32 39 59 93 94
8 10 22 32 53
14 21 32 52 53
11 32 52 53 93
4 10 32 93 94
25 26 53 58 93
14 21 23 53 81
14 21 25 32 53
4 26 32 93 94
8 10 32 39 51
19 26 58 62 94
8 10 26 32 59
8 32 39 53 89
10 19 26 59 93
8 10 25 89 94
14 23 52 81 93
8 32 39 59 93
19 25 58 62 93
21 23 25 53 93
26 28 32 39 93
14 21 23 53 59
10 56 86 93 94
14 23 53 59 93
20 25 32 53 93
8 10 26 59 93
14 26 32 39 53
32 39 42 89 93
25 26 33 58 93
10 25 26 93 94
26 32 51 53 93
14 25 28 53 93
26 32 57 58 62
16 53 56 86 94
14 25 28 32 93
10 22 23 26 32
32 39 86 89 93
10 26 32 58 59
10 32 39 86 93
25 28 32 93 94
21 23 25 32 53
25 26 28 33 59
10 32 39 53 94
10 26 32 58 62
25 26 32 47 93
32 53 86 93 94
8 26 32 58 93
23 26 32 89 93
8 39 89 93 94
19 26 32 53 62
8 10 32 42 93
10 22 26 32 73
10 21 22 32 93
19 26 58 59 89
10 23 32 53 59
19 21 26 58 93
25 32 42 89 93
8 10 21 32 93
10 23 26 53 93
19 21 26 32 58
10 25 32 53 89
19 53 58 59 62
32 86 89 93 94
8 23 53 89 93
25 26 32 59 89
10 25 28 89 93
8 28 32 89 93
14 19 26 53 58
26 57 58 59 62
8 25 26 58 89
11 14 32 53 93
14 23 32 42 93
14 26 53 58 93
21 23 26 53 93
39 42 51 53 85
26 28 32 89 93
10 14 23 26 53
8 25 26 28 89
12 19 58 62 65
4 32 53 93 94
14 22 23 32 93
32 42 53 59 93
8 10 14 32 89
14 23 32 59 93
16 30 56 86 94
32 39 42 93 94
14 26 32 58 93
25 26 28 33 58
8 20 32 89 93
21 23 32 89 93
25 32 39 42 93
8 10 26 58 89
26 32 59 93 94
32 56 86 89 93
26 53 58 62 93
14 22 23 53 93
10 21 32 81 93
10 23 32 53 89
23 26 32 53 58
14 21 23 26 53
29 32 42 53 93
10 39 51 56 94
8 10 32 52 93
8 23 25 32 93
14 32 42 52 53
10 14 22 26 53
10 14 22 53 79
10 32 53 56 94
39 42 51 71 85
19 25 26 33 58
8 32 39 89 94
23 26 28 32 93
10 26 58 62 93
17 41 42 71 85
32 39 51 56 94
10 23 32 52 81
8 10 22 73 89
10 25 89 93 94
10 23 32 53 94
14 23 42 53 93
10 19 22 26 58
10 22 32 52 73
10 32 42 89 93
32 52 53 59 93
10 26 32 53 58
14 25 28 32 53
14 23 32 51 53
25 26 28 32 59
10 32 58 59 93
8 10 25 59 93
14 32 52 53 89
4 16 56 86 94
14 21 25 32 93
10 14 22 23 32
14 19 32 53 93
14 23 32 93 94
13 17 42 71 85
32 39 53 56 94
23 26 32 52 53
8 25 26 33 89
10 19 25 26 58
19 25 32 53 93
26 32 39 51 59
13 32 39 51 85
14 25 32 53 59
14 21 25 53 93
22 32 52 81 93
10 25 26 32 33
8 10 26 32 53
10 39 51 89 93
16 51 56 86 94
29 32 42 85 93
21 23 25 26 93
26 32 39 51 53
32 67 90 92 93
14 22 26 32 53
10 32 39 56 86
8 10 39 51 93
26 32 33 39 93
14 26 53 59 93
13 32 39 51 53
22 25 32 53 93
16 32 39 93 94
25 32 33 59 93
8 32 53 93 94
20 32 53 89 93
3 8 25 89 93
32 39 42 53 85
23 26 32 53 59
14 23 25 26 53
32 56 86 89 94
26 32 57 62 93
10 22 32 39 51
41 42 64 78 95
10 39 42 51 85
21 23 52 81 93
10 22 32 53 89
10 39 51 93 94
14 22 32 52 53
8 10 25 28 89
21 25 26 32 59
21 25 26 28 93
10 23 25 32 53
12 19 32 58 62
10 26 58 59 93
8 32 53 89 94
10 22 32 53 94
10 32 39 42 93
10 26 32 52 93
14 19 32 53 58
21 26 32 53 59
32 39 53 81 93
22 32 39 73 93
10 25 39 89 93
25 26 28 33 89
10 39 56 93 94
21 23 53 59 93
19 26 53 59 93
25 26 32 39 51
32 42 53 93 94
10 22 26 32 59
10 25 59 89 93
21 32 53 93 94
19 26 57 58 59
25 26 28 32 89
10 25 32 42 93
21 26 28 32 93
14 19 26 32 53
14 26 32 53 89
19 26 32 58 65
8 10 26 58 59
8 14 23 32 93
26 57 58 62 93
10 22 26 73 93
10 23 25 53 93
8 16 56 86 94
10 25 26 58 62
32 53 56 86 93
8 10 32 53 94
8 10 32 51 93
10 22 32 53 59
14 26 32 59 93
32 39 51 52 93
26 32 56 93 94
10 25 53 89 93
19 26 32 39 59
3 8 32 53 89
25 26 32 33 59
26 32 53 79 93
23 32 56 93 94
10 26 32 62 93
8 32 81 89 93
16 32 39 56 93
19 26 39 59 93
39 56 86 89 94
10 32 51 53 93
10 32 52 89 93
8 25 26 32 59
10 32 39 51 59
23 32 59 81 93
10 22 32 73 94
22 26 32 58 93
19 23 26 32 93
25 28 32 42 93
14 32 53 73 93
32 52 81 89 93
10 22 32 39 73
10 22 25 89 93
20 25 26 32 93
10 21 32 89 93
23 32 39 89 93
26 39 58 62 93
10 19 25 26 59
8 25 28 32 89
10 26 32 39 94
25 26 28 58 62
10 32 39 51 89
8 10 22 25 89
26 32 39 42 93
8 10 19 26 59
25 26 58 62 89
13 32 42 51 85
13 32 39 42 51
22 32 52 53 93
10 32 51 93 94
25 26 89 93 94
25 26 32 58 89
32 39 42 51 94
8 25 32 39 89
19 21 26 32 59
8 26 32 39 93
19 21 26 59 93
8 10 32 81 93
22 32 73 81 93
10 22 32 39 53
19 25 26 58 89
32 51 53 59 93
14 32 33 53 93
10 19 22 58 59
8 10 86 89 94
32 39 53 86 93
17 32 42 85 93
32 53 81 89 93
10 32 53 73 93
8 25 32 89 94
13 17 39 51 85
14 39 42 51 53
8 10 25 32 53
10 39 51 56 86
8 25 26 28 93
26 32 52 58 93
25 32 58 89 93
25 26 32 33 89
26 39 51 59 93
14 25 53 59 93
14 26 53 58 62
10 22 26 58 62
8 26 58 89 93
41 42 71 85 87
19 25 32 58 59
17 42 71 85 87
23 25 28 53 93
25 32 53 79 93
32 39 51 86 93
10 14 21 32 53
19 25 26 32 62
23 26 32 53 81
10 25 26 59 89
32 52 53 79 93
29 42 45 63 85
25 39 51 89 93
26 58 59 62 65
14 32 39 52 53
21 23 52 53 81
14 19 32 53 59
26 32 33 89 93
10 25 26 32 94
4 49 69 70 99
8 26 58 59 89
16 39 86 93 94
10 26 32 53 94
23 25 32 52 93
14 26 32 33 53
8 10 32 39 94
10 21 23 32 59
4 14 32 53 94
8 10 32 42 89
8 39 59 89 93
8 19 26 58 62
14 25 32 53 79
10 32 81 89 93
19 21 32 58 59
10 23 25 26 93
12 19 26 32 58
25 26 33 39 93
26 28 33 53 93
10 21 32 39 93
23 32 39 52 93
26 32 39 62 93
19 26 58 65 93
21 32 39 93 94
10 23 53 89 93
10 26 39 93 94
32 39 51 56 93
42 51 71 85 87
10 14 32 39 93
8 21 23 32 93
10 22 23 32 81
10 39 89 93 94
10 26 32 53 89
8 19 26 59 89
8 14 23 53 93
8 10 25 39 89
8 25 26 32 53
10 14 32 53 73
16 39 56 93 94
14 20 32 53 93
11 14 32 53 79
8 21 32 59 93
14 26 32 52 93
10 21 32 93 94
10 22 26 53 93
8 10 26 89 94
10 32 53 58 93
32 42 52 53 93
8 14 32 53 59
10 22 26 32 58
8 32 86 89 93
10 39 56 86 93
14 23 53 93 94
8 32 52 53 93
23 32 52 89 93
14 32 39 53 89
10 14 32 53 81
21 23 32 93 94
22 32 39 53 93
56 86 89 93 94
