143 351
64 143
351 474
64 474
351 492
64 492
64 232
143 147
232 351
241 351
147 474
64 241
64 373
351 373
147 492
20 143
232 329
64 179
147 232
179 351
20 474
314 351
64 314
20 232
147 241
20 492
143 329
329 373
147 373
64 111
111 351
64 80
80 351
329 474
20 373
279 351
64 279
329 492
147 179
179 329
160 351
20 241
80 329
64 257
232 477
20 179
64 160
257 351
147 314
241 329
80 147
20 80
111 147
373 477
111 329
143 284
257 329
20 111
143 477
20 314
147 257
284 474
147 279
80 477
20 257
179 477
474 477
64 290
143 318
314 329
477 492
64 462
351 462
290 351
318 474
232 318
290 329
232 320
147 160
143 320
320 474
284 492
241 477
20 279
318 373
54 143
20 290
320 373
257 477
111 477
147 290
80 318
54 474
143 273
273 474
80 320
143 346
5 232
147 462
346 474
5 143
20 160
290 477
241 284
179 318
5 474
179 320
232 346
279 329
318 492
314 477
64 427
20 462
351 427
329 462
5 373
232 284
320 492
54 492
346 373
290 318
80 346
5 80
257 318
160 318
257 320
160 329
160 320
64 91
273 492
284 314
290 320
91 351
5 179
63 64
63 351
111 320
284 373
111 318
346 492
179 346
241 318
147 427
351 442
64 442
279 284
54 241
162 329
179 284
143 358
64 162
160 284
5 492
358 474
162 351
279 318
24 232
241 320
279 477
91 329
20 427
329 427
462 477
5 257
290 346
5 160
279 320
91 147
257 346
241 273
5 290
111 284
160 346
5 111
20 91
63 147
20 162
160 273
143 345
24 373
345 474
80 284
147 162
241 346
314 318
111 346
54 160
54 314
162 477
160 477
20 63
143 319
147 442
54 279
24 80
63 329
64 350
319 474
54 232
6 232
273 279
350 351
5 241
257 284
279 346
24 179
314 320
172 232
5 279
162 318
24 143
41 143
3 143
91 477
329 380
358 492
273 314
3 474
41 474
20 442
427 477
64 380
24 474
54 373
6 373
6 143
162 320
24 492
6 474
351 380
172 373
351 392
314 346
329 442
64 392
143 447
447 474
232 458
127 232
54 179
320 462
24 257
160 358
147 350
318 462
232 250
345 492
80 172
24 111
6 179
127 143
20 380
5 314
284 462
24 241
127 474
6 80
24 290
3 232
172 179
319 492
143 458
63 477
147 380
162 346
458 474
143 172
54 111
380 477
20 350
143 250
41 492
329 350
373 458
241 358
284 290
127 373
3 492
232 273
99 351
318 380
91 318
92 232
250 373
5 162
143 497
172 474
250 474
91 320
3 80
160 345
64 99
279 358
172 492
474 497
80 127
3 373
5 462
147 392
143 439
250 492
80 458
179 458
54 80
127 179
6 111
320 380
24 314
439 474
6 257
172 257
179 250
273 373
6 160
80 250
92 373
241 345
442 477
160 319
111 172
92 143
54 257
41 241
92 474
172 241
346 462
241 319
20 392
87 143
179 273
447 492
6 492
172 290
87 474
3 241
284 427
279 345
314 358
3 179
329 392
87 232
241 250
346 380
3 290
492 497
351 432
99 320
5 91
92 179
6 290
111 273
160 447
64 432
91 346
350 477
127 492
169 351
80 92
239 351
279 319
127 257
99 318
3 160
257 458
111 458
127 160
160 458
64 169
42 351
111 127
5 380
458 492
111 250
250 257
64 239
54 462
3 257
439 492
41 160
87 373
42 64
63 320
127 290
172 314
314 345
63 318
99 147
64 192
41 314
284 442
3 279
41 279
290 458
192 351
143 196
80 87
314 319
63 284
6 279
250 314
241 497
24 462
143 499
92 111
91 284
5 99
3 314
241 447
24 279
250 290
196 474
279 447
6 241
92 257
24 162
41 232
87 179
92 160
474 499
3 111
351 420
80 273
87 492
64 420
54 290
257 273
392 477
42 320
127 241
127 279
92 492
147 432
241 439
196 492
279 458
5 63
99 346
273 462
42 318
232 497
241 458
147 169
147 192
492 499
41 373
92 290
54 427
6 462
162 284
232 389
138 351
24 91
143 228
64 138
87 160
192 329
314 497
24 160
239 320
87 257
232 358
147 239
20 99
20 192
63 346
3 162
87 290
172 462
314 447
239 318
228 474
41 179
160 439
250 279
172 279
42 147
160 497
279 497
284 350
87 111
6 314
373 497
196 241
54 442
5 42
80 389
162 172
24 427
373 389
279 439
87 241
99 273
20 432
241 499
127 314
92 279
314 439
232 319
358 373
41 111
20 169
228 492
147 420
6 162
179 497
24 380
318 442
250 462
232 345
318 427
458 462
87 279
99 284
160 250
314 458
54 63
179 358
92 241
143 256
5 239
127 462
273 427
40 80
256 474
42 346
160 172
111 358
40 232
179 389
91 172
127 162
275 329
273 442
24 63
138 147
223 351
6 91
320 442
41 80
80 196
20 239
54 91
319 373
284 392
192 477
3 380
111 497
162 458
6 99
80 499
99 329
54 99
92 462
196 232
64 223
196 314
228 241
273 290
169 329
345 373
232 439
320 427
329 432
239 346
232 478
232 499
99 358
80 497
20 42
290 389
179 319
41 257
20 420
320 392
284 380
314 499
87 314
172 427
40 373
179 345
275 318
162 250
318 392
143 485
257 389
143 478
223 320
318 432
64 275
20 138
346 427
346 442
474 478
196 290
111 319
320 432
111 345
40 290
351 481
172 380
91 127
275 351
290 499
91 458
474 485
257 497
196 373
42 273
373 439
3 91
92 314
3 462
91 250
223 318
64 481
63 273
138 329
373 499
373 478
256 492
329 347
376 474
275 477
196 279
143 376
20 275
64 347
54 350
250 427
24 442
5 442
6 63
6 380
329 420
99 345
239 284
279 499
42 284
275 320
239 273
284 432
111 389
347 351
329 484
63 172
179 439
485 492
99 458
40 179
87 162
80 228
41 462
54 162
228 314
358 462
92 162
239 329
169 318
147 275
160 196
5 427
232 271
143 389
160 499
257 358
5 392
99 127
127 380
169 320
169 284
232 259
80 478
228 232
80 358
179 478
351 469
5 223
6 42
275 346
64 469
232 447
40 257
24 350
179 196
5 432
389 492
91 92
42 54
42 329
380 458
111 439
179 499
20 347
318 484
389 474
92 99
99 447
87 462
91 273
42 358
54 239
64 484
143 271
346 432
147 223
228 290
271 474
147 347
99 319
63 250
64 270
169 477
270 329
346 392
196 257
241 256
432 477
80 319
351 396
241 485
99 477
351 484
257 319
41 290
257 499
64 396
271 373
270 351
54 392
63 458
228 373
259 373
347 477
462 497
228 279
273 432
241 389
318 347
345 462
250 380
319 462
63 127
318 350
54 432
290 497
257 345
20 484
5 275
80 345
477 484
373 447
273 350
239 358
478 492
6 239
223 346
172 442
162 196
160 376
147 481
80 439
320 484
358 442
38 143
160 478
257 478
5 169
179 447
138 477
179 259
41 427
87 91
111 478
38 474
284 420
160 228
169 346
162 499
147 484
179 271
42 345
54 169
111 447
318 420
320 347
160 256
42 458
80 271
20 270
169 273
250 442
87 380
257 439
358 427
63 92
192 284
162 389
147 270
420 477
346 484
320 420
40 162
42 127
40 111
24 392
320 350
3 99
172 350
179 228
290 478
147 469
92 380
256 279
41 442
256 314
314 389
314 485
111 259
376 492
239 345
270 477
239 477
3 427
42 92
54 380
270 318
3 63
345 442
228 257
273 392
346 350
20 223
346 347
111 196
42 447
147 396
319 442
111 499
80 485
239 458
427 497
42 319
196 380
319 427
259 474
223 273
20 481
127 239
345 427
143 259
5 484
439 462
42 477
3 442
250 350
162 273
241 478
232 251
111 271
162 228
232 485
271 492
232 256
87 99
279 478
380 499
257 271
80 259
326 351
160 271
41 99
270 320
64 326
5 347
6 223
54 420
41 63
239 319
358 432
20 469
80 251
5 420
290 358
346 420
239 447
63 358
273 420
290 485
138 284
223 284
92 239
279 376
257 259
447 462
5 350
20 396
279 485
389 462
320 481
160 259
41 91
143 170
38 492
442 497
6 392
318 481
297 351
172 392
40 380
170 474
251 373
63 87
271 290
373 485
380 389
290 319
256 373
64 297
91 389
270 346
223 358
257 447
3 42
54 223
329 481
64 327
329 396
80 447
290 439
169 358
329 469
327 351
196 427
160 485
111 228
63 497
91 497
241 376
345 432
3 239
290 345
179 256
228 380
3 275
38 160
427 439
40 492
50 143
223 329
258 351
63 345
250 392
63 319
5 270
40 143
6 432
314 478
113 329
24 192
442 447
427 499
251 290
54 192
271 279
241 271
179 251
223 458
64 258
143 470
41 350
40 241
50 474
24 275
439 442
279 389
42 87
99 439
113 318
179 485
319 432
6 442
5 481
147 326
284 481
462 478
392 458
223 345
91 358
127 223
138 320
41 42
40 474
470 474
259 462
111 256
350 358
41 162
125 143
272 351
127 392
83 226
158 443
106 296
352 443
139 296
7 139
187 234
234 424
158 352
83 139
198 212
106 139
32 226
158 424
187 424
158 226
211 443
32 83
424 443
7 296
211 226
352 424
226 443
83 296
32 211
139 226
158 211
116 372
198 466
212 466
198 352
397 403
187 253
234 253
11 368
39 280
83 158
83 106
7 106
211 352
231 260
7 83
187 352
158 234
211 212
212 352
32 139
234 352
226 296
234 407
83 211
407 424
367 370
234 443
83 443
253 424
198 443
407 463
187 443
158 187
151 231
249 397
7 32
89 466
249 352
249 403
198 249
212 443
106 226
7 226
11 83
198 211
57 253
98 378
253 407
187 407
11 226
151 260
226 352
106 280
32 158
304 367
158 198
7 372
260 370
32 443
57 187
7 116
89 198
32 370
11 106
32 296
198 397
187 249
158 212
226 424
352 466
11 296
158 407
280 296
57 234
89 212
198 403
212 249
249 466
39 106
249 443
397 466
304 370
211 424
89 220
165 212
253 352
11 158
112 368
11 139
249 424
227 449
89 397
403 466
234 249
112 185
165 336
165 466
32 106
198 424
158 253
83 352
407 443
89 403
110 341
39 296
220 336
165 426
253 443
89 336
260 367
211 370
83 424
336 466
352 397
211 466
110 227
158 249
57 424
177 463
424 463
443 466
212 397
139 372
187 198
39 355
352 403
231 370
36 233
280 355
372 415
234 463
116 139
211 260
139 158
352 407
98 151
139 280
7 449
89 249
212 403
139 211
220 466
185 368
116 331
89 233
11 280
198 234
151 378
227 341
177 407
165 198
116 415
11 443
212 424
249 253
98 231
220 233
32 352
331 372
32 372
226 234
253 463
98 260
296 449
57 407
106 227
212 336
11 112
89 165
211 234
212 226
106 449
139 449
231 367
139 443
231 378
227 296
57 249
187 211
187 463
39 139
336 426
158 296
11 424
220 252
11 185
83 368
158 466
57 352
124 341
32 116
198 226
89 352
11 39
296 372
260 378
187 226
187 212
116 296
211 249
83 280
198 336
75 448
233 397
110 124
32 260
158 463
226 368
203 304
7 211
233 403
187 397
185 355
187 403
106 158
110 449
151 370
7 227
397 443
139 227
36 220
212 234
7 11
267 331
112 386
32 367
7 280
32 212
36 454
110 191
233 466
198 220
403 443
211 296
106 368
212 220
83 234
34 336
116 449
233 454
165 220
233 252
83 372
36 89
296 443
199 390
36 252
11 407
341 449
165 211
11 32
227 280
226 407
211 231
106 372
106 116
124 227
191 227
226 370
76 293
296 368
191 341
7 158
220 397
57 443
32 424
397 424
39 227
158 368
39 83
83 116
372 449
57 158
26 39
448 476
403 424
75 476
234 397
424 466
234 403
151 367
83 212
220 403
252 375
81 408
226 280
443 463
89 252
7 39
280 368
83 187
310 403
198 253
252 336
11 463
246 426
31 124
116 267
106 443
177 253
119 177
187 466
106 211
310 397
158 397
34 220
32 198
177 390
276 304
267 372
11 355
260 304
26 280
233 336
36 375
83 198
226 372
11 211
89 443
83 370
98 165
158 403
11 234
7 443
15 386
198 233
139 368
39 191
115 306
130 408
31 341
89 211
185 280
76 264
83 407
11 352
106 355
293 426
177 234
368 463
211 367
426 466
57 414
75 130
36 397
34 246
212 260
233 249
191 280
7 331
116 226
7 415
124 449
310 454
36 403
76 426
31 110
212 426
234 466
203 367
249 407
39 368
34 252
130 448
39 185
75 367
57 403
368 407
233 375
151 211
26 355
34 426
211 397
165 352
233 310
65 252
32 304
78 132
253 403
336 397
57 397
253 390
253 397
230 310
177 424
106 110
185 386
352 463
368 424
355 368
39 226
36 466
267 415
177 199
331 415
220 249
55 124
203 370
212 233
165 378
32 231
211 403
246 336
280 449
231 408
57 463
110 296
368 443
34 165
296 355
331 449
336 403
368 386
177 187
226 253
220 426
89 426
31 55
220 375
124 191
390 407
75 304
276 367
26 191
211 407
211 253
139 352
57 198
32 415
110 280
151 408
36 336
44 306
39 110
98 211
83 449
226 249
231 304
11 187
252 466
81 151
139 424
65 375
249 310
133 310
36 310
165 246
89 158
34 89
39 449
57 390
212 253
112 355
226 466
165 293
246 264
375 454
75 276
264 293
165 443
89 454
219 414
31 227
397 454
98 212
264 426
403 454
370 443
77 219
220 454
226 463
81 231
106 341
260 408
226 260
306 415
276 476
55 341
106 191
252 454
249 336
119 199
8 203
165 397
367 448
198 407
15 112
191 449
32 234
296 341
203 276
198 426
83 227
76 246
390 463
55 110
34 65
165 249
130 476
110 139
280 341
133 412
7 370
260 443
7 110
31 191
336 352
139 370
39 341
89 310
116 227
158 370
212 231
276 448
57 177
165 260
36 198
165 403
89 187
296 424
106 185
76 165
234 390
34 466
65 220
304 448
211 378
119 463
191 296
90 414
253 414
220 352
130 367
75 370
211 336
36 249
139 415
75 408
32 187
89 424
212 370
139 331
83 463
98 426
133 230
34 302
367 408
296 352
53 230
89 375
83 253
81 260
304 476
227 372
98 370
112 280
198 260
133 403
187 390
234 368
367 476
119 390
165 233
212 378
252 397
226 449
81 130
106 424
276 370
8 498
32 466
115 418
55 227
133 397
7 341
165 252
139 355
253 466
287 293
252 403
32 151
139 341
408 448
36 65
34 233
32 449
36 212
191 334
83 260
185 296
31 449
151 304
246 293
44 115
83 249
233 352
89 234
71 142
32 280
158 165
158 260
198 252
57 212
336 375
39 112
15 185
7 368
220 246
151 212
378 426
11 253
106 352
454 466
98 293
370 378
303 378
165 231
76 287
211 304
310 466
212 407
133 249
226 367
65 336
130 231
65 233
212 252
264 461
76 461
260 352
26 106
83 466
119 407
199 407
34 36
370 408
187 414
53 412
11 386
7 352
158 177
390 424
230 454
296 331
34 375
44 415
31 73
226 227
57 219
55 449
151 165
198 310
293 378
336 443
130 260
83 355
370 448
26 334
165 264
249 454
220 310
199 463
246 302
75 260
151 303
106 112
352 370
211 372
98 303
26 227
139 191
7 267
32 368
34 212
83 185
230 412
65 302
199 253
260 466
130 304
98 466
106 124
77 414
130 370
352 368
287 461
57 466
98 198
75 231
252 426
130 151
187 368
370 372
139 234
57 211
26 110
234 414
53 133
76 336
211 220
158 280
293 461
124 296
293 336
8 61
71 132
83 112
7 424
83 367
191 355
65 89
211 426
115 415
32 407
26 296
32 249
306 418
220 443
36 165
106 331
53 310
32 39
226 231
83 415
230 403
98 367
22 303
336 454
112 296
211 368
375 466
116 211
34 198
397 407
198 454
198 370
89 246
403 407
296 415
55 191
7 191
139 212
230 397
370 476
73 124
219 390
124 280
231 443
408 476
246 252
39 124
32 203
177 443
307 378
226 397
139 185
198 231
246 466
264 336
264 287
34 264
227 331
79 446
73 341
375 397
32 331
310 412
249 252
15 368
418 498
296 370
231 303
7 124
26 341
11 227
211 463
185 226
55 371
375 403
32 227
252 302
57 226
112 226
73 110
226 403
304 408
98 307
260 448
57 199
55 73
249 414
227 355
367 378
81 367
73 191
116 370
234 296
249 463
230 233
132 142
370 415
139 187
130 276
226 355
81 378
226 415
302 336
98 336
252 310
378 466
124 139
231 448
34 76
75 151
65 454
81 303
139 198
198 378
390 414
81 98
139 407
310 375
177 352
212 310
32 165
233 426
89 253
7 355
219 253
311 386
36 230
32 98
158 336
199 234
132 463
8 115
199 446
75 81
310 352
39 158
57 133
165 226
233 443
36 352
89 226
106 234
76 98
11 198
267 449
355 487
83 110
212 454
115 498
220 302
8 418
253 368
110 334
90 219
8 304
212 246
414 424
390 446
116 280
81 370
203 498
407 466
11 449
296 407
110 116
231 466
280 443
61 203
106 415
306 372
57 90
158 231
65 246
83 331
280 372
151 198
26 487
57 89
32 253
334 341
226 304
83 231
112 139
231 352
115 203
11 212
187 199
81 448
165 424
22 456
124 371
378 408
98 408
352 426
76 378
367 443
260 303
65 466
106 407
302 426
119 253
34 397
415 449
75 203
78 463
34 293
158 220
133 454
181 287
187 296
39 334
79 199
287 426
397 426
336 378
61 498
426 461
71 78
98 443
230 249
106 370
112 463
246 461
151 448
110 372
158 372
151 443
15 311
139 267
7 367
26 139
407 414
212 293
73 227
116 341
198 375
133 233
303 456
203 306
151 226
211 233
34 403
198 463
260 476
212 367
32 378
187 233
11 177
112 158
139 367
26 185
31 371
116 306
31 39
260 426
385 446
119 142
212 296
31 106
57 77
403 426
260 276
280 334
83 341
133 414
36 426
31 280
98 352
65 165
