2 500 2
1.703814280078407295e-01 2.207406685150217207e-01
5.003024780350335821e-01 7.924990723505108692e-01
9.859426628340013377e-01 6.640084683436209279e-01
9.581734575086102712e-01 1.085264855464550537e-01
2.319329203937938733e-01 2.865455565686888528e-01
9.600164568219821115e-01 3.543020141994523975e-02
9.174027443517068781e-01 3.567259372886621982e-02
4.247638136818741028e-01 4.025032486580709667e-01
2.457841748717521924e-01 4.791320310255766657e-01
8.251411415304686914e-01 4.916848150384848237e-01
1.724745286275566336e-01 7.659388315163511152e-01
5.424006792634236129e-01 4.022500958256282066e-01
8.116023584512268574e-01 6.576046260971142310e-01
1.112525867111371358e-01 7.925142082714488057e-01
8.365068240527450127e-01 8.055169440901386313e-01
6.245251137038584366e-01 2.993316574377697936e-01
2.684614854495229741e-01 7.002541039972163261e-01
8.170851554118159221e-01 1.861723654456002297e-01
2.981743391337381421e-01 9.686176203015912645e-01
5.985501590338641043e-01 2.055562270867383745e-02
3.459457962585843482e-02 9.441631812647806044e-01
5.432288707524191018e-02 4.316232787303102558e-01
3.255580331018473883e-01 6.870111818838967599e-01
1.844801736512952095e-01 2.486331808435998658e-01
4.480209591974670946e-02 8.787185449584337116e-01
9.000468884851148266e-01 5.711544690466474616e-01
4.898815808407437355e-01 2.679926877722599299e-01
4.618649090510185129e-02 5.717456235541674703e-01
7.855166986511905591e-01 5.930290171624917894e-01
4.718391724435743173e-01 8.189677635961922775e-02
4.369043470126869888e-01 1.562533096698909274e-01
4.153392609150697856e-01 2.620173100890436091e-01
4.275241652146898330e-01 4.772500242663320069e-01
7.255426089039761495e-01 9.062503373971771969e-01
5.059703254910856707e-01 6.996579267057261298e-01
6.879956767930492934e-01 1.828947787132008118e-01
5.563405568280936908e-01 6.778143188631070570e-01
4.756772642304464283e-01 8.612169072581796758e-01
1.967134985848032480e-01 9.189289168321376211e-01
4.938442797918691785e-01 3.254321163944559059e-01
2.456935892004574740e-04 8.065689319160639359e-01
1.385128082092501600e-01 9.266383684471183324e-01
9.834194744931799015e-01 7.812362716225054182e-01
7.381056041522552347e-01 4.734826686536753870e-01
2.559728965872022366e-01 4.038184073465288515e-01
6.977973836927446882e-01 9.123415241931582820e-01
9.770432167272555812e-01 4.776939376111004609e-01
1.160890945925294737e-01 4.977969480176163142e-01
1.205484060678130298e-02 6.552742370871736943e-01
3.931425290939858375e-01 4.189079195941136646e-03
9.348831858721584620e-01 2.047623916258614063e-01
6.004062442870256033e-01 7.790266889203381062e-01
2.698257930963410267e-01 8.629105934581096093e-01
6.310644741069526553e-01 6.890369493591853578e-01
1.179116329203399038e-01 9.495574724658069066e-01
4.008398862779939398e-01 2.596353694281515745e-01
5.620801276416619308e-01 1.697262918105847396e-01
6.186816521901966626e-01 5.585977589510497943e-01
4.957611261320395979e-01 7.790655210771467720e-01
8.968699586959636427e-01 6.247147751050107223e-01
7.693868809769845996e-01 3.841299088886462876e-02
2.200684521656597337e-01 4.922107114557777718e-01
7.993674827863388455e-01 1.332646727658995944e-01
4.285534890778919248e-02 1.117078955909908133e-01
3.406085272241898831e-02 9.839296532620384061e-01
5.352652163832390952e-01 7.185174392358485429e-01
9.212687556455089188e-01 6.221523834034040634e-01
7.458719432522508130e-01 4.490381762455940562e-01
2.717897039552972238e-01 5.998327327633090622e-02
7.019445525063261471e-01 2.560444653039870566e-01
1.635605647053025580e-01 8.266794056915602873e-01
7.162071282323708710e-01 4.236447895797567087e-01
7.809174345950800067e-01 5.994158650773396824e-01
4.197337726538036273e-01 2.326916141033595897e-01
8.335076922747981509e-01 6.035897759035472321e-01
2.905103333825101997e-01 5.774243958631347651e-01
4.493840533373012480e-01 7.084975840423279880e-01
6.971936759653387661e-01 5.841267810778869585e-01
6.868119190340572500e-01 3.941672208819475554e-01
7.276000255921802884e-01 5.325789682235744227e-01
5.932158169758350308e-02 1.512631689869903262e-02
3.214536075347459443e-01 6.310870386809355193e-01
7.185360489155306896e-01 3.688765001815419442e-02
4.769267153023132311e-01 4.458699579102489707e-01
1.893061910000465309e-01 1.709332562409140444e-01
5.505026372492287656e-01 3.558586275554531664e-02
8.016842196667601783e-01 5.839780972915075141e-01
9.196924290594089557e-01 9.177870286291500701e-02
2.142667032781088166e-01 6.072950033382366053e-01
5.281371342059804075e-01 6.360266357483920219e-01
6.734385959519243459e-01 6.218817333885521270e-01
8.262631315142954236e-02 7.457311684019052311e-02
9.030492698231661342e-01 4.525165534092112640e-02
9.215644908369854393e-01 6.612224640103817608e-01
7.690520501114566088e-01 5.956292235738968044e-01
8.244165247876361624e-01 6.692805175458237388e-01
1.136382795352119945e-01 2.593313760737432361e-01
2.816631830065364772e-01 8.233221974251730968e-01
4.033972999663132386e-01 6.371163791586111902e-01
9.947983586683023516e-01 7.915668396221119396e-01
8.603357903178665556e-02 5.952810406349422490e-01
6.258989202123056428e-01 7.896427035196874611e-01
8.001722130942479083e-01 3.972878715981631448e-01
6.629864619720726715e-02 5.965219717401499810e-01
8.327839821635120154e-01 7.417031698674098061e-01
7.438972956719053231e-01 5.334073141002244611e-01
4.687614191391242802e-01 3.822274488041504936e-01
7.386363602816848895e-01 2.063514487549072962e-01
1.271768826716981327e-01 2.555992813619971660e-01
7.256724371060369050e-01 6.339076478914507096e-02
4.287540885922348499e-01 2.931541544809267430e-01
1.577958218241848343e-02 6.697440206758342729e-02
5.890842307583422643e-01 3.418191727052019013e-01
2.125120530989986767e-01 3.247005376741796123e-02
7.821180047054967499e-01 8.703250496760230881e-01
2.556584802356962616e-01 4.335275968318924589e-01
3.684647171063282212e-01 3.864167702705832985e-01
8.705187334755237760e-01 7.250818530223803737e-01
1.330298912836217484e-01 7.408438926519799184e-01
6.925349039451532684e-01 4.847758912803983300e-01
9.265222761085334380e-01 7.439120145626864078e-01
5.868074068363978713e-01 9.235858984060054677e-01
3.553620187070006819e-01 7.703763954777803624e-01
9.320277962308777253e-01 5.664289319063902095e-01
4.145207220413311688e-01 2.784591471919218852e-01
8.883590819127279437e-01 1.535349023960628223e-01
2.078249913277568917e-01 4.187713942382105259e-01
9.187952508503263171e-01 6.336394294026437279e-02
1.502546895458394260e-01 1.589210940065984845e-01
8.353093979408821035e-02 8.078504754701070212e-01
2.967668428988368134e-01 5.995885810616596867e-01
8.768725965928613197e-01 4.007550050011845499e-01
6.921769007686596753e-01 4.078502349547509231e-01
6.262225013590591027e-01 6.499054360719088708e-01
8.866282984751070462e-01 5.435322391728152347e-01
7.226667094135830194e-01 6.741083684386048880e-01
1.118155799642939208e-02 7.043752701031200658e-01
2.026982200854496874e-01 1.955123825104557733e-01
5.805441885329643004e-02 1.657914205545072406e-01
4.506067387709742356e-01 4.082040919362983633e-01
2.600440331475399880e-01 9.409946362987013924e-01
4.106616496407511363e-02 4.738183703293306070e-01
7.136624412862656586e-01 4.372861713379316839e-01
9.914510022991961380e-01 9.449440138294714631e-01
6.405168764727660058e-01 3.427575176654451550e-02
9.434131138910549774e-01 6.671060453237567245e-01
9.314657345152201895e-01 2.598202296043459203e-01
4.324998175981076276e-02 9.601058847716108513e-01
8.680818985956409994e-01 4.894608113501213165e-01
5.405957073613451014e-01 1.295008224233752392e-01
1.659542182971533997e-01 3.451398305197873606e-01
3.749659194618298885e-01 6.090037139051275306e-01
7.343587803780007306e-01 2.189788120192965870e-01
2.696880722454352286e-01 2.845844904203674863e-01
7.968309419537158433e-01 5.978987305615237613e-01
1.027482179379659577e-01 8.010544700968277310e-01
2.671696220148236378e-01 1.148636819860323621e-01
5.740854909661181615e-01 9.019149370691149636e-01
5.254048293920906554e-01 5.025296072984289930e-01
4.388655592984996856e-01 1.032509668748592402e-01
9.882599603495929586e-01 8.750787741981446155e-01
8.262644811537809275e-01 2.524521510195922858e-01
1.186398364670361305e-01 1.402169316425072587e-02
4.132938576436717693e-01 7.725410130235176309e-01
7.686759787386967524e-01 5.837475528477615860e-01
4.731989654052500827e-01 6.428906421455222731e-01
8.602003091277010682e-04 4.526044718604194106e-01
6.796073743859543104e-02 4.171128213853330102e-01
7.817978871131252561e-01 5.452906442578341339e-01
9.044329260269657889e-01 8.288977363749109317e-01
1.931120711918449251e-01 9.023379216761334698e-01
6.236460833652729407e-01 7.865866237163733343e-01
5.402970320546374161e-02 8.724689019694131797e-01
5.428089710677754809e-01 8.072585571362469459e-01
1.001812959695034255e-01 6.136087320310188442e-01
1.195391012359710015e-01 1.911126480569546038e-01
1.131451443695365988e-01 3.283330150209137210e-01
6.578535343476674679e-01 4.869269409117249481e-01
6.452675095482245382e-01 9.095329626269372802e-01
2.545124176744362199e-02 4.937518294627996074e-02
2.342898311583810900e-01 9.220791304281462653e-01
4.018180165784478453e-01 7.389827413829103131e-01
2.523144375323955746e-01 9.626485463630141126e-02
3.266856950211595167e-01 6.550300415248488939e-02
7.836397654076452390e-01 7.588108698447221245e-01
5.683763071606161565e-01 3.254953657066507189e-01
1.759965218053286540e-01 8.772119652902509168e-01
5.815630308264377879e-01 5.348860968628672552e-01
1.597159859668633164e-01 6.432074945336776484e-01
5.739786047000534630e-01 2.072935205694957927e-01
6.793616529772821266e-01 7.711563948986898120e-01
4.516030671428825638e-01 2.788984274651401529e-01
8.323555436396409268e-01 9.370983900136661271e-01
1.618613797823291733e-01 7.306412648781686059e-01
5.591303300758085904e-01 3.428247138063533761e-02
2.043629589115311118e-01 7.085271896028025873e-01
9.793386835740386376e-01 1.709438033244961019e-01
3.287136215656603078e-01 1.928202722285460302e-01
5.186509122023046370e-01 5.861105868310735323e-01
6.889316936592344565e-01 5.169081743273388208e-01
2.206723021583825162e-01 9.092217807579496824e-01
9.739993756431012395e-01 2.866183851095295276e-01
8.885112676285639166e-01 4.393372382783853336e-01
2.840805840743354516e-01 5.007674357106018936e-01
9.505296411695952630e-01 3.697213284056229954e-01
7.719365061187398735e-01 9.237243192807792491e-01
1.948064999583720702e-01 1.335813694898916326e-01
3.190702567425445224e-01 1.076916996099330781e-02
7.668462564269540316e-01 2.967420115906266309e-01
7.661317042496419427e-01 9.370287641934682554e-01
7.506310153142659036e-02 6.730370212760974358e-01
4.671137868657262437e-01 5.307698452963419689e-01
4.985721640937244015e-01 5.881995237965681467e-01
1.868717064006407691e-01 1.618316186837380766e-01
4.181928820042668526e-02 4.680320891279591278e-01
6.114959864141752410e-01 8.859786794310313685e-01
3.305803359900266747e-01 1.766377391838773736e-01
9.910708628730023895e-01 3.959555482033682017e-01
5.938614335249425835e-01 7.804934489574959500e-01
6.843491362850271376e-01 5.800242039070520050e-01
5.262313427512567143e-01 6.641468985161876892e-01
6.248748713424527867e-01 7.387657071254699614e-01
1.751170866698062989e-01 1.733183093807132424e-01
9.780848867953202408e-01 7.609272356439471530e-01
2.475943907012219114e-01 2.111880551566418518e-01
5.089207866652757373e-01 8.090958272908777005e-01
4.812038811040254549e-01 4.636517681910981015e-01
4.294822445533234001e-01 3.159799651350064797e-01
9.733244469661866960e-01 1.793238183870267122e-01
7.462532548984162073e-01 3.420804269260799835e-01
6.136349524984127113e-01 6.800706698812319928e-01
3.764321448970278094e-01 5.955313922577080143e-01
1.419566889666667997e-02 2.785528229102673947e-02
5.528970832922994738e-01 6.648933858018494236e-01
5.816804560399952972e-01 5.236737120584591398e-01
2.873379616992931540e-01 2.656789830385360984e-01
6.262911899510341662e-01 9.643652966637903390e-01
9.110859897941723240e-01 5.513927301703789308e-01
6.518854588346880696e-01 8.330777038970607062e-01
9.631724239262242637e-01 7.898665250204359722e-01
2.218489863694531605e-01 8.491678638809694313e-01
9.451474948090646810e-01 9.556715902280208397e-01
4.524390192442562242e-02 5.533202671995794963e-01
7.121907675854241004e-01 3.938835259625650398e-02
1.777641152107877209e-01 8.536638479917502131e-01
5.200443799014642376e-01 1.245155610716286443e-01
4.820290417006859451e-01 7.086685851865224262e-01
9.973001305147060069e-01 5.327996815378621687e-01
7.417471225868070839e-01 3.726030481899360591e-01
5.625720056325480556e-01 5.887661467735342269e-01
7.427994603131182760e-02 8.793345193894077649e-01
5.608512295603673703e-02 8.042332836889105607e-01
5.361387934570415181e-01 6.902522864857969509e-01
6.052122559427732806e-01 5.335906228512881100e-01
6.594432077211154208e-02 6.820959828884466392e-01
9.934897452780663274e-01 4.006224049637500118e-01
1.593810716209347333e-01 9.004698746571334622e-01
5.264335657118524026e-02 4.765795205371414767e-02
9.206776592126595382e-01 7.548244581361510663e-01
8.471556304955025762e-01 7.829844696049303998e-03
3.851442616660024632e-01 5.806864530289757020e-01
6.709062604154396592e-01 7.512211930475324317e-01
2.572984089824905674e-01 7.449188903348665791e-01
1.254162167045569376e-01 2.056834422063188450e-01
4.591104309156103236e-01 7.197918211023044410e-01
7.992271602482833304e-01 3.031058730133292523e-01
1.328997301123955310e-01 8.016457552025528788e-01
3.179475274372991489e-01 3.519177396203264641e-01
9.934132125420466197e-01 3.999281996160537478e-01
7.844961660433957817e-01 2.866049127467407143e-01
1.736171662479831790e-01 7.238539798436161021e-02
8.790750905483390998e-01 9.502175388318090388e-02
9.587336447664420724e-01 7.321897228767141330e-01
1.384024076809140524e-01 9.742795603724666575e-01
5.305281761137503604e-02 7.027846362594285523e-01
1.837369136774534839e-01 1.599322304753314494e-02
2.740524410263065480e-01 5.462280644979926603e-01
9.172251979541898859e-01 4.716666838484026014e-01
8.183556059291013929e-01 8.408155445864959887e-01
9.561030154770540079e-01 8.989990660655734489e-01
4.940583409333960674e-01 3.337645020243316107e-01
8.242816358573904489e-01 7.398923254023419549e-01
5.639578622941958663e-01 1.447406519563622096e-01
6.708509985144373022e-01 1.309418698203116405e-01
9.421299650732539721e-02 9.460081000633220327e-01
5.350303297789774648e-01 9.971913912413796766e-01
9.529681411049421014e-01 2.949841273680644527e-01
4.270979544214604795e-01 7.299329472885210945e-01
8.534716858797709582e-01 5.449800789822358826e-01
7.448313523597729358e-01 9.993338267113028861e-01
8.622034203665751573e-02 9.909497421178747878e-03
7.949885746317700841e-01 5.026713484371592155e-01
8.346606665825468951e-01 3.087447193459661454e-01
4.393625983789647416e-01 6.989567330135871837e-01
2.189789388808399684e-01 6.550344143882169679e-02
1.349395337608126910e-01 8.307294124491311216e-01
4.625105947248513427e-01 3.905461240935395040e-01
8.876922103919269169e-01 7.838030289770259174e-01
8.253006356266401333e-01 8.189658354847046962e-01
8.895401530792051981e-01 5.857442875836891272e-01
1.993461665218722034e-01 6.318515462583595976e-01
8.580074073959801373e-01 5.938660841892866582e-01
5.100521741131817111e-01 7.362061868352759442e-01
3.481092919254012985e-01 6.735158880580478513e-01
3.184321237357861101e-01 5.293008277467630140e-01
5.559994706549322707e-01 9.174408971831009563e-01
2.685843454067886604e-01 4.232461087296588431e-01
3.839084298047528154e-01 7.070110569822150026e-01
2.749754665669575937e-01 9.555621205382424099e-01
7.859049239353042005e-01 1.660812449823810821e-01
5.940624060688003416e-01 6.615282451793216278e-01
6.640110956371558792e-01 3.082738980941344131e-01
1.747838218412728351e-01 1.340938232521119433e-01
8.342031689245592574e-01 4.284632733948413597e-01
9.324525640378437119e-01 9.471313254625114419e-01
8.318284876910914116e-01 5.392425519666257383e-01
8.405801974616087247e-01 3.678128299381620003e-01
5.759702256540494281e-01 9.031552672808045301e-01
9.851648694026925446e-01 3.389148986448498047e-02
1.622913363581223178e-01 9.614719771018624961e-01
9.759739070565984775e-01 2.166893462911012591e-02
3.038886151795819890e-01 2.102936678534159665e-01
3.593522194930682812e-01 9.804299090152770457e-01
1.896881364277199777e-01 8.247631307941624135e-01
9.270878212888860048e-01 2.591255928205267178e-01
7.799137644992150120e-01 8.216534446084855503e-02
6.586576886102646355e-02 2.010865850662981735e-01
8.081593688828069277e-01 8.846984082000582950e-01
5.418417148548722029e-01 3.254692811952264453e-02
9.596464321706466016e-03 9.326960984987560099e-01
3.648663790744807178e-01 2.076050606911528096e-02
3.448482859107235843e-01 3.490832725604225972e-01
6.268920593532397723e-01 8.274908276000110252e-01
2.390616106536138652e-01 8.058454963105210478e-01
4.590925777094393423e-01 2.336558480826097517e-01
1.057077003360731293e-01 4.532940989263897213e-01
5.022279118449687330e-01 6.609084760418262317e-01
6.746432525567864769e-01 2.029078448107851651e-01
5.347845422532180315e-01 1.659347390985765891e-01
8.939631743562169719e-01 1.645324474559118899e-01
1.534231449740028896e-01 8.332500980857057149e-01
4.251758045152193022e-01 2.887194662944521095e-01
6.502644441947544873e-01 7.422759663875719838e-01
1.232376611421837076e-03 5.149853415978541404e-01
4.815448770875354612e-01 9.344768412489070641e-01
1.669415947746221152e-01 9.767722798817448648e-01
9.721730117409939087e-01 5.634012645391162089e-02
1.713007491506900459e-01 6.389200564904717883e-02
1.507181694111394687e-01 6.039790605717815231e-01
3.127459319251135739e-02 3.932335480382852522e-01
8.593623931157313711e-01 9.451409121260146984e-01
3.655329802875761924e-02 9.885166668035233473e-01
5.333469828281618419e-01 5.444007441249836265e-01
2.148204750610163138e-01 2.198717956207780766e-01
2.944451341763973939e-01 6.732278265125257732e-02
5.270629024150325082e-01 3.040278463770320627e-01
2.529913719116401172e-01 2.893702060371867724e-01
8.124528495390482830e-01 4.158892814279071537e-01
1.629996503283956955e-01 9.853446964203369518e-01
7.523345089151217691e-01 7.122836261167729832e-01
8.249009236593219940e-01 2.251371289996908498e-01
3.728456899467325059e-01 8.186604038582571130e-01
8.804316637457715311e-01 7.515703161031810353e-01
8.557058742066210311e-01 5.795233440817625370e-01
8.942044632835290940e-01 3.661156805764410604e-01
6.767022415935879387e-01 1.233764504571915888e-01
8.664920603836270274e-01 4.982642466119771019e-01
3.414044760095553688e-01 5.429655785328031392e-01
5.717559898029631604e-01 3.843340534967445432e-01
2.376399526550361241e-01 7.415967137044304769e-01
3.674510252212523920e-01 5.314946262664572707e-01
3.742605104350856804e-01 2.463121441605730100e-01
3.676368935905173219e-01 3.927901095557196909e-01
2.573173357104563408e-02 3.870572717316600464e-02
1.259282694714570772e-01 4.289420786119176876e-01
5.520764450990577332e-01 7.041586296430593084e-01
2.223144037230295744e-01 9.827134176951227706e-01
9.137034481093622151e-01 4.502767189182661500e-01
3.983796999333901745e-01 6.416146449103953264e-01
6.506525692068493294e-01 7.953109177387881479e-01
1.354562874847191623e-01 1.473342549422773651e-02
3.457877329508741715e-01 9.773415428638851932e-01
8.202401356080774031e-01 9.946927099970392927e-02
8.414688162809972338e-01 3.850082467093992600e-01
8.924017051667595402e-01 6.639538907306334892e-01
7.292339446314364260e-01 5.605665591992610164e-01
6.187224813586083005e-01 3.209392301221397625e-01
8.820230457961193427e-01 5.760522244756942634e-01
3.882885852414349470e-01 2.189336698685424576e-01
4.847446480815098546e-02 8.333349480704347334e-01
6.732729637342015350e-01 5.263681597256900657e-01
7.788252994333935142e-01 5.888422797949015575e-01
4.983691641385523674e-02 1.345735878030315247e-01
2.019472073879117202e-01 7.537353150068647478e-01
9.236827642342754219e-01 2.553499895314279566e-01
4.230485162423304191e-01 7.703173045899941451e-01
8.547885004436092116e-01 8.389097390376010210e-01
5.615743200676341917e-01 6.154563720160957097e-01
6.258558339456857800e-01 9.879752749571546477e-01
6.988353714337153244e-01 2.318035842886119191e-01
4.490029496695222555e-01 7.938129297223605052e-01
2.548972963530047320e-01 9.375879551168041504e-01
9.552329566083578305e-01 2.699839582490292100e-01
5.642613952659102372e-01 6.157689193140366557e-01
8.612097578741616521e-01 3.095943276080744821e-01
6.698681031749804671e-01 7.333284006619620321e-01
4.578720228564069350e-01 8.418239985276441129e-01
6.049544539809038612e-01 4.914829898822881127e-01
3.154169138746703016e-01 6.135175210817466196e-01
6.822968530952612243e-01 6.575979749783144035e-01
8.491847018992662033e-01 2.716165934548605554e-01
5.603702873163033393e-01 8.795841056663685764e-01
6.409754394417360723e-01 6.722166222052911033e-01
1.059554027025423339e-01 5.335587074994588841e-01
6.603291455643678365e-01 5.920274933325077038e-01
3.227244229682351140e-01 4.055520199526939651e-01
7.803004252414051933e-01 2.680208682427088762e-01
8.653374657954188143e-01 7.580403666222057524e-01
2.322591940879599193e-01 4.410445044904902634e-01
9.085802966418008442e-01 5.820870839611895775e-01
8.942482593259339918e-01 8.291851926845459353e-01
3.910748464711660821e-01 8.587274964957292145e-02
5.574295695639941428e-01 2.066614576357884703e-01
9.030936894477958887e-01 7.203957040761516106e-01
5.651499215138098275e-01 5.140272798596944304e-01
7.380099038791081423e-01 2.931242644686742338e-01
4.691575562399864507e-01 6.754681866769329801e-01
8.769132963811776538e-01 9.703819455256786908e-01
5.975009024524836621e-01 4.897075295724973021e-02
9.259244498042481508e-01 2.192466465013069854e-01
6.786407280755942795e-01 6.851469576082106494e-01
2.757376866516032532e-01 9.897454389718673973e-01
9.163069203493721115e-01 8.204945923159696619e-01
2.924520287617915493e-03 6.881259673894335460e-01
1.596310886423604192e-01 2.808749823751515162e-01
2.825283354910703704e-01 7.419855825611910705e-01
6.308632199021513287e-02 7.209889851470133726e-01
3.314819079024359239e-01 8.080399577672967570e-01
3.807653923966245468e-01 8.756332635904569006e-01
1.523791074182740957e-01 9.233118233682248155e-01
7.895284006349920780e-01 2.485170925998975155e-01
5.971314786600163682e-01 1.505215025591392086e-01
8.855516249738608625e-01 9.144217477486263901e-01
5.200418109800661881e-01 5.184604131134874505e-01
2.488081299802932245e-01 3.604833972733442193e-01
3.982499625174773517e-02 3.081284950670400979e-01
7.200119926817293292e-01 5.423806155759305359e-01
1.801081900484683418e-01 9.854173177804352868e-01
2.845570981213114692e-01 5.812081468832805964e-01
4.079411183510126548e-01 3.311197145727448055e-01
2.079818176948134978e-01 7.768178361755996297e-01
8.398479269901448774e-01 5.690472736810278098e-01
3.174907532721614745e-01 8.634080654513441866e-01
1.349517214372427665e-01 5.430371819389002708e-01
5.740649722503935459e-01 6.831430669246136844e-01
3.447031419960728815e-01 2.436292656413460156e-01
3.296917898811737579e-01 7.035832500575083248e-01
2.387442635694647652e-01 2.351947771428629652e-01
9.142454271621628381e-01 5.470772775874155336e-02
8.764389191848327432e-01 7.842981516357819816e-01
4.465498912080005933e-01 1.131048412482515975e-02
4.436007588040439265e-01 7.400728281704322953e-01
1.415505621291779370e-02 9.655128709873173065e-02
6.239503288660974700e-01 4.673925605296703756e-01
6.163576271968572717e-01 2.324426468613202124e-01
2.483252134101654462e-02 3.836192896677020903e-01
5.149977336791242699e-01 6.130539605833301708e-01
4.267253871707739066e-01 8.997090405786192235e-01
8.875627386138980057e-01 2.262144051235550624e-01
8.760717001285553973e-01 8.164569078539996028e-01
9.271295834263297841e-01 1.994953830248704651e-01
8.909646161494719774e-01 4.766624810362818376e-01
7.836764870737596977e-01 3.962542249547597040e-01
2.992185682948627079e-01 2.239968708848134593e-01
9.912956850492250505e-01 9.375199017879489727e-01
4.783565859411090804e-01 9.693527398153451990e-01
2.758383764290800455e-01 5.755025612365033405e-01
1.704543912542177964e-02 9.154584603769705398e-01
8.875227974721008328e-01 9.450769437905959247e-02
6.750978918894068315e-02 7.405375740592815559e-01
8.530371784677612812e-01 1.650363223114525990e-01
9.084565603850953686e-01 7.917951436803190024e-01
7.916684203846648948e-01 3.268525670639581548e-01
4.880408104511119172e-01 8.951173206383333802e-02
1.899880170488238429e-01 2.679960212663456964e-02
9.664044265693256808e-01 1.925268312244320379e-01
2.796261860626380047e-01 8.871456223994702572e-01
5.273187086493450471e-01 2.258924077139052855e-01
9.126658608541348139e-01 6.302405830396586861e-01
9.784623079187599881e-01 6.214783808967230261e-01
7.918736550629346116e-02 3.352654289790945041e-01
9.098656200063423016e-01 3.723108562701906710e-01
9.614952980961424256e-01 9.528548104535731200e-01
4.300529589443989886e-01 8.514244761118383575e-01
6.695587645684201172e-01 2.533744028197569831e-01
7.494136932306143528e-01 4.960103428688820149e-01
5.219633241129562062e-02 6.346346232135174903e-01
1.303336778266211970e-01 9.076404826915593915e-01
2.285367194990676198e-01 4.648212737298463848e-01
9.736182004865403528e-01 1.693502374699543678e-01